time delta
  94     1
  96     1
  99     1
  99     1
 104     1
 108     1
 112     1
 114     1
 117     1
 117     1
 118     1
 121     1
 121     1
 123     1
 129     1
 131     1
 133     1
 135     1
 136     1
 139     1
 139     1
 140     1
 141     1
 141     1
 143     1
 144     1
 149     1
 149     1
 152     1
 153     1
 159     1
 159     1
 159     1
 159     1
 162     1
 168     1
 168     1
 169     1
 170     1
 170     1
 171     1
 172     1
 173     1
 176     1
 177     1
 180     1
 180     1
 184     1
 187     1
 188     1
 189     1
 190     1
 196     1
 197     1
 203     1
 205     1
 211     1
 213     1
 224     1
 226     1
 227     1
 256     1
 257     1
 269     1
 271     1
 274     1
 291     1
 300     0
 300     0
 300     0
 300     0
 300     0
